














15 24 25
15 25 24
15 25 25
15 25 26
15 26 25

16 21 23
16 21 27
16 22 22
16 22 28
16 23 21
16 23 29
16 27 21
16 27 29
16 28 22
16 28 28
16 29 23
16 29 27

17 19 24
17 19 25
17 19 26
17 24 19
17 24 31
17 25 19
17 25 31
17 26 19
17 26 31
17 31 24
17 31 25
17 31 26

18 18 24
18 18 26
18 19 21
18 19 29
18 20 20
18 20 30
18 21 19
18 21 31
18 24 18
18 24 32
18 26 18
18 26 32
18 29 19
18 29 31
18 30 20
18 30 30
18 31 21
18 31 29
18 32 24
18 32 26

19 17 24
19 17 25
19 17 26
19 18 21
19 18 29
19 21 18
19 21 32
19 24 17
19 24 33
19 25 17
19 25 33
19 26 17
19 26 33
19 29 18
19 29 32
19 32 21
19 32 29
19 33 24
19 33 25
19 33 26

20 18 20
20 18 30
20 20 18
20 20 32
20 30 18
20 30 32
20 32 20
20 32 30

21 16 23
21 16 27
21 18 19
21 18 31
21 19 18
21 19 32
21 23 16
21 23 34
21 27 16
21 27 34
21 31 18
21 31 32
21 32 19
21 32 31
21 34 23
21 34 27

22 16 22
22 16 28
22 22 16
22 22 34
22 28 16
22 28 34
22 34 22
22 34 28

23 16 21
23 16 29
23 21 16
23 21 34
23 29 16
23 29 34
23 34 21
23 34 29

24 15 25
24 17 19
24 17 31
24 18 18
24 18 32
24 19 17
24 19 33
24 25 15
24 25 35
24 31 17
24 31 33
24 32 18
24 32 32
24 33 19
24 33 31
24 35 25

25 15 24
25 15 25
25 15 26
25 17 19
25 17 31
25 19 17
25 19 33
25 24 15
25 24 35
25 25 15
25 25 35
25 26 15
25 26 35
25 31 17
25 31 33
25 33 19
25 33 31
25 35 24
25 35 25
25 35 26

26 15 25
26 17 19
26 17 31
26 18 18
26 18 32
26 19 17
26 19 33
26 25 15
26 25 35
26 31 17
26 31 33
26 32 18
26 32 32
26 33 19
26 33 31
26 35 25

27 16 21
27 16 29
27 21 16
27 21 34
27 29 16
27 29 34
27 34 21
27 34 29

28 16 22
28 16 28
28 22 16
28 22 34
28 28 16
28 28 34
28 34 22
28 34 28

29 16 23
29 16 27
29 18 19
29 18 31
29 19 18
29 19 32
29 23 16
29 23 34
29 27 16
29 27 34
29 31 18
29 31 32
29 32 19
29 32 31
29 34 23
29 34 27

30 18 20
30 18 30
30 20 18
30 20 32
30 30 18
30 30 32
30 32 20
30 32 30

31 17 24
31 17 25
31 17 26
31 18 21
31 18 29
31 21 18
31 21 32
31 24 17
31 24 33
31 25 17
31 25 33
31 26 17
31 26 33
31 29 18
31 29 32
31 32 21
31 32 29
31 33 24
31 33 25
31 33 26

32 18 24
32 18 26
32 19 21
32 19 29
32 20 20
32 20 30
32 21 19
32 21 31
32 24 18
32 24 32
32 26 18
32 26 32
32 29 19
32 29 31
32 30 20
32 30 30
32 31 21
32 31 29
32 32 24
32 32 26

33 19 24
33 19 25
33 19 26
33 24 19
33 24 31
33 25 19
33 25 31
33 26 19
33 26 31
33 31 24
33 31 25
33 31 26

34 21 23
34 21 27
34 22 22
34 22 28
34 23 21
34 23 29
34 27 21
34 27 29
34 28 22
34 28 28
34 29 23
34 29 27

35 24 25
35 25 24
35 25 25
35 25 26
35 26 25






























65 74 75
65 75 74
65 75 75
65 75 76
65 76 75

66 71 73
66 71 77
66 72 72
66 72 78
66 73 71
66 73 79
66 77 71
66 77 79
66 78 72
66 78 78
66 79 73
66 79 77

67 69 74
67 69 75
67 69 76
67 74 69
67 74 81
67 75 69
67 75 81
67 76 69
67 76 81
67 81 74
67 81 75
67 81 76

68 68 74
68 68 76
68 69 71
68 69 79
68 70 70
68 70 80
68 71 69
68 71 81
68 74 68
68 74 82
68 76 68
68 76 82
68 79 69
68 79 81
68 80 70
68 80 80
68 81 71
68 81 79
68 82 74
68 82 76

69 67 74
69 67 75
69 67 76
69 68 71
69 68 79
69 71 68
69 71 82
69 74 67
69 74 83
69 75 67
69 75 83
69 76 67
69 76 83
69 79 68
69 79 82
69 82 71
69 82 79
69 83 74
69 83 75
69 83 76

70 68 70
70 68 80
70 70 68
70 70 82
70 80 68
70 80 82
70 82 70
70 82 80

71 66 73
71 66 77
71 68 69
71 68 81
71 69 68
71 69 82
71 73 66
71 73 84
71 77 66
71 77 84
71 81 68
71 81 82
71 82 69
71 82 81
71 84 73
71 84 77

72 66 72
72 66 78
72 72 66
72 72 84
72 78 66
72 78 84
72 84 72
72 84 78

73 66 71
73 66 79
73 71 66
73 71 84
73 79 66
73 79 84
73 84 71
73 84 79

74 65 75
74 67 69
74 67 81
74 68 68
74 68 82
74 69 67
74 69 83
74 75 65
74 75 85
74 81 67
74 81 83
74 82 68
74 82 82
74 83 69
74 83 81
74 85 75

75 65 74
75 65 75
75 65 76
75 67 69
75 67 81
75 69 67
75 69 83
75 74 65
75 74 85
75 75 65
75 75 85
75 76 65
75 76 85
75 81 67
75 81 83
75 83 69
75 83 81
75 85 74
75 85 75
75 85 76

76 65 75
76 67 69
76 67 81
76 68 68
76 68 82
76 69 67
76 69 83
76 75 65
76 75 85
76 81 67
76 81 83
76 82 68
76 82 82
76 83 69
76 83 81
76 85 75

77 66 71
77 66 79
77 71 66
77 71 84
77 79 66
77 79 84
77 84 71
77 84 79

78 66 72
78 66 78
78 72 66
78 72 84
78 78 66
78 78 84
78 84 72
78 84 78

79 66 73
79 66 77
79 68 69
79 68 81
79 69 68
79 69 82
79 73 66
79 73 84
79 77 66
79 77 84
79 81 68
79 81 82
79 82 69
79 82 81
79 84 73
79 84 77

80 68 70
80 68 80
80 70 68
80 70 82
80 80 68
80 80 82
80 82 70
80 82 80

81 67 74
81 67 75
81 67 76
81 68 71
81 68 79
81 71 68
81 71 82
81 74 67
81 74 83
81 75 67
81 75 83
81 76 67
81 76 83
81 79 68
81 79 82
81 82 71
81 82 79
81 83 74
81 83 75
81 83 76

82 68 74
82 68 76
82 69 71
82 69 79
82 70 70
82 70 80
82 71 69
82 71 81
82 74 68
82 74 82
82 76 68
82 76 82
82 79 69
82 79 81
82 80 70
82 80 80
82 81 71
82 81 79
82 82 74
82 82 76

83 69 74
83 69 75
83 69 76
83 74 69
83 74 81
83 75 69
83 75 81
83 76 69
83 76 81
83 81 74
83 81 75
83 81 76

84 71 73
84 71 77
84 72 72
84 72 78
84 73 71
84 73 79
84 77 71
84 77 79
84 78 72
84 78 78
84 79 73
84 79 77

85 74 75
85 75 74
85 75 75
85 75 76
85 76 75















